step fly=10 asm=20
L | fly_fwd(sclk) asm_fwd(sclk) f/a | fly_bwd(sclk) asm_bwd(sclk) f/a | start ms fwd fly/asm, bwd fly/asm
 0 | 1.327(1687) 1.279(1707) 1.04 | 9.435(1267) 7.140(1254) 1.322 | 7.3/6.7 534.6/533.0
 1 | 1.630(1667) 1.216(1670) 1.34 | 9.413(1315) 6.939(1298) 1.356 | 19.9/19.6 568.4/564.8
 2 | 1.578(1627) 1.233(1624) 1.28 | 9.377(1352) 7.109(1339) 1.319 | 33.4/33.0 602.0/596.2
 3 | 1.627(1590) 1.227(1582) 1.33 | 9.363(1380) 7.138(1362) 1.312 | 46.8/46.4 635.5/627.8
 4 | 1.610(1543) 1.234(1547) 1.30 | 9.416(1399) 7.131(1377) 1.320 | 60.3/59.9 669.1/659.6
 5 | 1.656(1502) 1.200(1484) 1.38 | 9.408(1415) 7.176(1381) 1.311 | 73.7/73.2 702.6/691.3
 6 | 1.634(1481) 1.206(1460) 1.35 | 9.334(1423) 7.114(1388) 1.312 | 87.3/86.5 736.1/723.1
 7 | 1.581(1461) 1.214(1436) 1.30 | 9.362(1432) 7.220(1393) 1.297 | 100.6/99.9 769.8/754.8
 8 | 1.638(1443) 1.204(1415) 1.36 | 9.394(1442) 7.190(1401) 1.307 | 114.0/113.2 803.5/786.6
 9 | 1.622(1418) 1.179(1384) 1.38 | 9.345(1448) 7.247(1406) 1.289 | 127.5/126.7 836.7/818.3
10 | 1.673(1399) 1.214(1366) 1.38 | 9.402(1445) 7.101(1406) 1.324 | 140.9/139.9 870.4/850.1
11 | 1.533(1387) 1.200(1354) 1.28 | 9.321(1443) 7.142(1417) 1.305 | 154.5/153.3 904.2/882.0
12 | 1.570(1378) 1.201(1343) 1.31 | 9.354(1447) 7.144(1418) 1.309 | 167.7/166.5 937.8/913.6
13 | 1.476(1368) 1.243(1332) 1.19 | 9.381(1448) 7.178(1418) 1.307 | 181.0/179.9 971.3/945.2
14 | 1.434(1355) 1.219(1317) 1.18 | 9.508(1446) 7.154(1414) 1.329 | 194.1/193.2 1005.0/976.8
15 | 1.469(1350) 1.193(1305) 1.23 | 9.448(1452) 7.189(1411) 1.314 | 207.2/206.5 1038.7/1008.7
16 | 1.556(1343) 1.192(1301) 1.31 | 9.518(1447) 7.055(1408) 1.349 | 220.5/219.8 1072.4/1040.5
17 | 1.540(1336) 1.209(1295) 1.27 | 9.402(1439) 7.135(1416) 1.318 | 233.9/233.1 1106.2/1071.9
18 | 1.569(1328) 1.206(1290) 1.30 | 9.431(1442) 7.191(1414) 1.312 | 247.2/246.4 1139.7/1103.7
19 | 1.498(1322) 1.213(1280) 1.23 | 9.419(1442) 7.275(1415) 1.295 | 260.6/259.8 1173.3/1135.6
20 | 1.478(1318) 1.197(1275) 1.24 | 9.336(1442) 7.278(1413) 1.283 | 273.9/273.2 1207.0/1167.4
21 | 1.503(1314) 1.210(1271) 1.24 | 9.492(1444) 7.079(1414) 1.341 | 287.3/286.6 1240.6/1199.2
22 | 1.553(1312) 1.203(1268) 1.29 | 9.508(1442) 7.083(1411) 1.342 | 300.5/299.8 1274.5/1230.8
23 | 1.540(1307) 1.219(1266) 1.26 | 9.568(1442) 7.091(1408) 1.349 | 313.8/313.1 1308.2/1262.5
24 | 1.560(1304) 1.208(1262) 1.29 | 9.492(1442) 6.643(1407) 1.429 | 327.2/326.5 1342.2/1294.7
25 | 1.560(1303) 1.193(1260) 1.31 | 9.534(1437) 7.005(1419) 1.361 | 340.6/339.8 1376.2/1325.9
26 | 1.572(1301) 1.195(1258) 1.32 | 9.519(1438) 6.981(1422) 1.364 | 354.1/353.1 1410.1/1357.3
27 | 1.641(1298) 1.210(1257) 1.36 | 9.368(1435) 7.238(1418) 1.294 | 367.4/366.3 1443.9/1389.1
28 | 1.614(1294) 1.198(1254) 1.35 | 9.448(1438) 7.261(1415) 1.301 | 380.9/379.6 1477.8/1420.9
29 | 1.685(1294) 1.217(1253) 1.38 | 9.641(1434) 7.238(1415) 1.332 | 394.3/392.9 1511.9/1452.9
30 | 1.629(1293) 1.221(1251) 1.33 | 9.382(1432) 7.152(1412) 1.312 | 407.8/406.2 1546.1/1484.8
31 | 1.617(1292) 1.217(1249) 1.33 | 9.641(1424) 7.203(1406) 1.339 | 421.2/419.6 1580.0/1516.7
sum fwd fly 50.2 asm 38.8 (+11.4)  bwd kernels fly 302.0 asm 228.2 (+73.7)
