step fly=30 asm=40
L | fly_fwd(sclk) asm_fwd(sclk) f/a | fly_bwd(sclk) asm_bwd(sclk) f/a | start ms fwd fly/asm, bwd fly/asm
 0 | 1.440(1657) 1.227(1661) 1.17 | 9.452(1268) 7.179(1242) 1.317 | 6.6/6.8 541.2/536.2
 1 | 1.873(1651) 1.225(1678) 1.53 | 9.208(1319) 6.857(1288) 1.343 | 19.7/19.7 574.9/568.0
 2 | 1.808(1616) 1.239(1612) 1.46 | 9.241(1357) 6.940(1323) 1.331 | 33.3/33.2 608.4/599.8
 3 | 1.822(1582) 1.217(1573) 1.50 | 9.352(1382) 6.936(1347) 1.348 | 46.7/46.5 642.0/631.7
 4 | 1.775(1536) 1.224(1538) 1.45 | 9.218(1401) 6.961(1366) 1.324 | 60.6/59.9 675.6/663.4
 5 | 1.881(1496) 1.248(1506) 1.51 | 9.445(1426) 7.118(1377) 1.327 | 74.1/73.5 709.3/695.4
 6 | 1.813(1479) 1.222(1451) 1.48 | 9.364(1432) 7.076(1376) 1.323 | 87.8/86.9 742.8/727.4
 7 | 1.933(1459) 1.210(1429) 1.60 | 9.431(1435) 7.106(1378) 1.327 | 101.4/100.3 776.4/759.4
 8 | 1.907(1439) 1.236(1407) 1.54 | 9.456(1438) 7.130(1386) 1.326 | 115.1/113.7 810.1/791.6
 9 | 1.815(1409) 1.228(1389) 1.48 | 9.434(1432) 7.120(1387) 1.325 | 128.7/127.1 844.1/823.6
10 | 1.756(1398) 1.196(1366) 1.47 | 9.443(1431) 7.109(1395) 1.328 | 142.3/140.5 878.0/855.5
11 | 1.737(1387) 1.231(1347) 1.41 | 9.446(1434) 7.148(1394) 1.322 | 155.9/153.8 911.7/887.5
12 | 1.668(1376) 1.208(1336) 1.38 | 9.347(1434) 6.784(1397) 1.378 | 169.5/167.2 945.6/920.0
13 | 1.686(1360) 1.221(1324) 1.38 | 9.487(1436) 7.157(1408) 1.326 | 183.1/180.6 979.4/951.5
14 | 1.626(1350) 1.235(1315) 1.32 | 9.383(1442) 7.268(1402) 1.291 | 196.5/194.0 1013.6/983.7
15 | 1.671(1343) 1.224(1300) 1.36 | 9.448(1448) 7.180(1400) 1.316 | 210.0/207.4 1046.8/1015.6
16 | 1.647(1335) 1.238(1293) 1.33 | 9.419(1444) 7.253(1399) 1.299 | 223.6/220.8 1080.7/1047.7
17 | 1.670(1323) 1.227(1286) 1.36 | 9.428(1444) 7.235(1396) 1.303 | 237.3/234.2 1114.4/1080.3
18 | 1.677(1314) 1.224(1280) 1.37 | 9.081(1445) 7.274(1397) 1.249 | 250.9/247.7 1148.9/1112.3
19 | 1.632(1311) 1.221(1272) 1.34 | 9.406(1448) 7.271(1389) 1.294 | 264.5/261.1 1182.3/1144.6
20 | 1.598(1310) 1.200(1268) 1.33 | 9.378(1446) 7.117(1387) 1.318 | 277.9/274.5 1215.8/1176.8
21 | 1.642(1307) 1.217(1266) 1.35 | 9.316(1445) 7.046(1385) 1.322 | 291.3/287.8 1249.6/1208.9
22 | 1.663(1302) 1.202(1262) 1.38 | 9.287(1436) 7.084(1394) 1.311 | 304.7/301.2 1283.4/1241.2
23 | 1.694(1302) 1.221(1261) 1.39 | 9.236(1442) 7.254(1406) 1.273 | 318.1/314.4 1316.9/1272.9
24 | 1.687(1299) 1.207(1255) 1.40 | 9.104(1444) 7.205(1402) 1.263 | 331.8/328.0 1350.5/1304.8
25 | 1.691(1296) 1.222(1254) 1.38 | 9.419(1443) 7.100(1402) 1.327 | 345.4/341.3 1384.1/1336.7
26 | 1.725(1290) 1.208(1252) 1.43 | 9.280(1441) 7.193(1403) 1.290 | 359.0/354.7 1417.8/1368.9
27 | 1.823(1290) 1.210(1249) 1.51 | 9.306(1444) 7.093(1402) 1.312 | 372.5/368.1 1451.4/1401.0
28 | 1.745(1291) 1.218(1247) 1.43 | 9.503(1453) 7.212(1402) 1.318 | 386.1/381.5 1485.5/1433.0
29 | 1.705(1289) 1.212(1245) 1.41 | 9.516(1443) 7.265(1402) 1.310 | 399.6/394.9 1519.6/1464.9
30 | 1.759(1286) 1.202(1246) 1.46 | 9.541(1437) 7.051(1392) 1.353 | 413.2/408.1 1553.7/1497.3
31 | 1.753(1286) 1.229(1247) 1.43 | 9.604(1436) 7.152(1402) 1.343 | 426.8/421.5 1587.8/1529.1
sum fwd fly 55.3 asm 39.1 (+16.3)  bwd kernels fly 300.0 asm 227.9 (+72.1)
