step fly=50 asm=60
L | fly_fwd(sclk) asm_fwd(sclk) f/a | fly_bwd(sclk) asm_bwd(sclk) f/a | start ms fwd fly/asm, bwd fly/asm
 0 | 1.504(1661) 1.263(1692) 1.19 | 9.515(1257) 6.831(1245) 1.393 | 6.8/6.7 545.5/536.9
 1 | 1.873(1680) 1.211(1673) 1.55 | 9.321(1308) 6.980(1283) 1.335 | 19.9/19.5 579.8/568.6
 2 | 1.842(1619) 1.242(1627) 1.48 | 9.404(1347) 7.029(1314) 1.338 | 33.5/32.8 613.6/600.4
 3 | 1.959(1569) 1.253(1584) 1.56 | 9.372(1370) 7.202(1337) 1.301 | 47.1/46.3 647.6/632.2
 4 | 1.897(1541) 1.247(1515) 1.52 | 9.203(1391) 6.975(1358) 1.319 | 60.9/59.7 681.3/664.2
 5 | 1.981(1515) 1.221(1484) 1.62 | 9.378(1409) 6.954(1374) 1.349 | 74.6/73.2 715.1/696.3
 6 | 1.965(1478) 1.224(1457) 1.61 | 9.101(1414) 7.202(1383) 1.264 | 88.5/86.7 749.5/728.1
 7 | 2.058(1449) 1.194(1434) 1.72 | 9.452(1412) 7.296(1388) 1.296 | 102.3/100.0 783.2/760.2
 8 | 2.019(1433) 1.221(1407) 1.65 | 9.480(1415) 7.247(1390) 1.308 | 116.2/113.2 817.2/792.2
 9 | 1.991(1419) 1.241(1381) 1.60 | 9.444(1419) 7.122(1392) 1.326 | 130.0/126.6 851.2/824.2
10 | 1.949(1396) 1.221(1364) 1.60 | 9.501(1420) 7.231(1399) 1.314 | 143.9/140.1 885.2/856.7
11 | 1.961(1379) 1.231(1351) 1.59 | 9.425(1423) 7.101(1399) 1.327 | 157.7/153.6 919.4/888.7
12 | 1.905(1372) 1.230(1337) 1.55 | 9.511(1426) 7.272(1396) 1.308 | 171.4/166.9 953.3/920.7
13 | 1.910(1364) 1.242(1316) 1.54 | 9.459(1424) 7.346(1394) 1.288 | 185.1/180.5 987.5/952.7
14 | 1.805(1349) 1.239(1306) 1.46 | 9.516(1424) 7.116(1388) 1.337 | 198.8/194.1 1021.3/985.3
15 | 1.733(1337) 1.238(1297) 1.40 | 9.558(1431) 7.283(1385) 1.312 | 212.5/207.5 1055.2/1017.5
16 | 1.796(1333) 1.234(1289) 1.46 | 9.600(1433) 7.305(1384) 1.314 | 226.1/221.0 1089.9/1049.6
17 | 1.777(1328) 1.224(1281) 1.45 | 9.629(1422) 7.316(1391) 1.316 | 239.7/234.4 1124.1/1082.0
18 | 1.820(1320) 1.236(1276) 1.47 | 9.683(1421) 7.223(1390) 1.341 | 253.3/247.7 1158.3/1114.1
19 | 1.798(1314) 1.226(1271) 1.47 | 9.484(1420) 7.123(1394) 1.331 | 267.0/261.1 1192.4/1146.7
20 | 1.716(1310) 1.263(1266) 1.36 | 9.460(1425) 7.185(1391) 1.317 | 280.7/274.6 1226.7/1178.8
21 | 1.784(1310) 1.228(1261) 1.45 | 9.450(1425) 7.152(1395) 1.321 | 294.2/288.1 1260.8/1210.9
22 | 1.769(1306) 1.216(1254) 1.46 | 9.469(1425) 7.292(1394) 1.299 | 307.9/301.6 1294.8/1242.8
23 | 1.744(1299) 1.207(1252) 1.44 | 9.524(1428) 7.086(1397) 1.344 | 321.4/315.0 1328.7/1275.0
24 | 1.752(1299) 1.231(1251) 1.42 | 9.429(1426) 7.163(1399) 1.316 | 335.0/328.3 1362.7/1306.9
25 | 1.710(1300) 1.181(1250) 1.45 | 9.493(1434) 7.214(1392) 1.316 | 348.7/341.6 1396.9/1339.1
26 | 1.804(1298) 1.250(1250) 1.44 | 9.446(1430) 7.240(1389) 1.305 | 362.2/354.9 1431.0/1371.2
27 | 1.857(1295) 1.211(1246) 1.53 | 9.400(1422) 7.235(1387) 1.299 | 375.8/368.3 1465.0/1403.4
28 | 1.844(1295) 1.227(1246) 1.50 | 9.663(1428) 7.254(1392) 1.332 | 389.5/381.7 1498.7/1435.8
29 | 1.843(1294) 1.250(1244) 1.47 | 9.452(1423) 7.351(1387) 1.286 | 403.2/395.0 1533.1/1468.1
30 | 1.918(1293) 1.214(1242) 1.58 | 9.372(1425) 7.111(1383) 1.318 | 416.7/408.4 1567.1/1500.5
31 | 1.899(1292) 1.216(1241) 1.56 | 9.601(1428) 7.232(1396) 1.328 | 430.5/421.8 1600.9/1532.3
sum fwd fly 59.2 asm 39.3 (+19.9)  bwd kernels fly 302.8 asm 229.7 (+73.1)
